8.798340537728427 168
8.763215847570326 640
7.263106213585635 500
0.49193154598026534 264
7.348349263832254 702
9.078130440242566 94
8.999290214671342 781
4.670782055776309 293
4.687261525260737 550
7.340592582427722 470
2.9414459320527317 77
6.185101312153245 119
3.551004507790152 918
3.7829234251190345 520
5.697495847590607 668
8.572163134319272 944
8.575344434116289 650
4.582512629710336 645
6.066145480180677 976
7.128769207175356 602
5.449872449579193 176
4.332946840720742 269
2.025935627432581 582
7.602700916746638 62
5.736911010503843 527
2.458013154052685 319
2.330403258713285 335
6.257757785390705 688
7.748750650651984 588
7.819736227717769 299
0.7123353773801633 613
3.54154476408688 671
2.164471390209355 402
2.0051733610306366 459
9.01327793618801 433
5.340890983858458 265
8.578478348649524 501
1.7523122585836837 391
3.056488846581474 330
0.12102879517176368 508
6.111854237413547 866
1.8122475827917717 15
0.3368325112809667 700
7.277486062954805 615
7.633527788217071 205
0.08073897605295532 579
1.2679407923150166 226
9.918774238886305 703
5.423671122490148 535
0.1239169395011186 103
9999999999999.9 0
